image: maze_s.pgm
resolution: 0.050000
origin: [-9.136548, -10.010677, 0.000000]
negate: 0
occupied_thresh: 0.65
free_thresh: 0.196

